[ultralytics.engine.results.Results object with attributes:

boxes: ultralytics.engine.results.Boxes object
keypoints: None
masks: None
names: {0: 'normal', 1: 'shoplifting'}
obb: None
orig_img: array([[[155, 147, 148],
        [167, 161, 166],
        [178, 173, 188],
        ...,
        [189, 191, 191],
        [193, 197, 198],
        [204, 208, 209]],

       [[169, 161, 168],
        [175, 167, 178],
        [174, 171, 187],
        ...,
        [189, 191, 191],
        [193, 197, 198],
        [204, 208, 209]],

       [[196, 187, 208],
        [190, 183, 204],
        [171, 167, 186],
        ...,
        [189, 191, 191],
        [195, 197, 198],
        [206, 208, 209]],

       ...,

       [[ 71,  59, 101],
        [ 63,  52,  98],
        [ 58,  49, 105],
        ...,
        [135, 143, 150],
        [115, 122, 131],
        [ 85,  92, 101]],

       [[ 60,  48, 108],
        [ 57,  44, 106],
        [ 53,  40, 108],
        ...,
        [144, 152, 159],
        [134, 142, 149],
        [104, 112, 119]],

       [[ 48,  37, 105],
        [ 46,  35, 105],
        [ 51,  34, 107],
        ...,
        [144, 152, 159],
        [134, 142, 149],
        [104, 112, 119]]], dtype=uint8)
orig_shape: (450, 800)
path: 'image0.jpg'
probs: None
save_dir: '/opt/homebrew/runs/detect/predict'
speed: {'preprocess': 1.1761188507080078, 'inference': 131.81090354919434, 'postprocess': 0.16999244689941406}]